Row(year=2015, month=5, Avgmontlytemperature=93.22499999999998)
Row(year=2010, month=7, Avgmontlytemperature=92.39999999999999)
