Row(year=2013, month=12, Avgmontlytemperature=0.059056768558952)
Row(year=2008, month=12, Avgmontlytemperature=0.05884077582318454)
