Row(year=1998, month=8, Avgmontlytemperature=86.46666666666663)
Row(year=2011, month=8, Avgmontlytemperature=86.26666666666665)
Row(year=2008, month=7, Avgmontlytemperature=85.2)
