Row(year=1997, month=10, Avgmontlytemperature=58.15000000000003)
Row(year=2014, month=5, Avgmontlytemperature=58.000000000000014)
