Row(year=1998, month=3, Avgmontlytemperature=0.046143375680580793)
Row(year=2001, month=5, Avgmontlytemperature=0.04605827874407048)
