Row(year=2009, month=2, Avgmontlytemperature=0.03708229426433917)
Row(year=1997, month=4, Avgmontlytemperature=0.03652357494722028)
