Row(year=2001, month=3, Avgmontlytemperature=0.04121652292328644)
Row(year=2008, month=2, Avgmontlytemperature=0.0410212971926428)
