Row(year=1995, month=11, Avgmontlytemperature=31.600000000000005)
Row(year=2006, month=6, Avgmontlytemperature=31.13333333333334)
