Row(year=2014, month=2, Avgmontlytemperature=43.71250000000001)
Row(year=1995, month=7, Avgmontlytemperature=43.6)
Row(year=1997, month=9, Avgmontlytemperature=43.56666666666667)
