Row(year=1996, month=4, Avgmontlytemperature=0.011674273360557291)
Row(year=1995, month=12, Avgmontlytemperature=0.01135775064742878)
