Row(year=2011, month=7, Avgmontlytemperature=94.91666666666664)
Row(year=1994, month=9, Avgmontlytemperature=94.59999999999991)
