Row(year=1997, month=11, Avgmontlytemperature=64.45000000000006)
Row(year=2009, month=11, Avgmontlytemperature=64.21666666666665)
