Row(year=1999, month=3, Avgmontlytemperature=42.233333333333384)
Row(year=2008, month=3, Avgmontlytemperature=42.200000000000024)
