Row(year=2015, month=4, Avgmontlytemperature=0.022284780239738466)
Row(year=1995, month=8, Avgmontlytemperature=0.022077028885832184)
