Row(year=2013, month=11, Avgmontlytemperature=0.06729548340286598)
Row(year=2013, month=5, Avgmontlytemperature=0.06701625589931831)
