Row(year=1997, month=6, Avgmontlytemperature=0.12188229799159271)
Row(year=2008, month=7, Avgmontlytemperature=0.11969093889018965)
