Row(year=2008, month=11, Avgmontlytemperature=46.75000000000003)
Row(year=2013, month=11, Avgmontlytemperature=46.37500000000003)
