Row(year=2003, month=8, Avgmontlytemperature=55.28333333333334)
Row(year=2002, month=1, Avgmontlytemperature=55.00000000000001)
