Row(year=2006, month=8, Avgmontlytemperature=148.0833333333333)
Row(year=2008, month=8, Avgmontlytemperature=138.51666666666657)
