Row(year=1993, month=11, Avgmontlytemperature=42.80000000000003)
Row(year=2015, month=3, Avgmontlytemperature=42.61250000000001)
