Row(year=2016, month=3, Avgmontlytemperature=0.028538241601143682)
Row(year=1993, month=5, Avgmontlytemperature=0.02851351351351352)
