Row(year=1993, month=12, Avgmontlytemperature=0.0516713091922006)
Row(year=1994, month=3, Avgmontlytemperature=0.0516483516483517)
