Row(year=2004, month=8, Avgmontlytemperature=75.48333333333333)
Row(year=2014, month=6, Avgmontlytemperature=75.13750000000002)
