Row(year=2006, month=8, Avgmontlytemperature=0.20211555959963598)
Row(year=1995, month=9, Avgmontlytemperature=0.18910751932536896)
