Row(year=2013, month=8, Avgmontlytemperature=0.07700249199003205)
Row(year=2014, month=11, Avgmontlytemperature=0.07664473684210535)
