Row(year=2012, month=8, Avgmontlytemperature=0.09249551971326164)
Row(year=2010, month=5, Avgmontlytemperature=0.09173685408604601)
