Row(year=2006, month=1, Avgmontlytemperature=17.68333333333333)
Row(year=2002, month=9, Avgmontlytemperature=16.066666666666666)
