Row(year=2001, month=8, Avgmontlytemperature=0.0952791647753064)
Row(year=2007, month=1, Avgmontlytemperature=0.09506001846722072)
Row(year=1997, month=12, Avgmontlytemperature=0.09411764705882356)
