Row(year=2012, month=7, Avgmontlytemperature=0.07989179440937783)
Row(year=1998, month=9, Avgmontlytemperature=0.0795613625758283)
