Row(year=1997, month=7, Avgmontlytemperature=0.06550468262226847)
Row(year=2008, month=11, Avgmontlytemperature=0.06539986010725114)
Row(year=2001, month=4, Avgmontlytemperature=0.06444392632315227)
