Row(year=2016, month=5, Avgmontlytemperature=0.041570438799076216)
Row(year=2015, month=12, Avgmontlytemperature=0.04152907394113425)
