Row(year=2013, month=3, Avgmontlytemperature=0.010341207349081361)
Row(year=2003, month=3, Avgmontlytemperature=0.009536973047684865)
