Row(year=1995, month=10, Avgmontlytemperature=20.86666666666666)
Row(year=2004, month=4, Avgmontlytemperature=20.61666666666667)
