Row(year=2011, month=4, Avgmontlytemperature=0.021691711100339312)
Row(year=2009, month=1, Avgmontlytemperature=0.021449471078100378)
