Row(year=1999, month=1, Avgmontlytemperature=0.08358074673864155)
Row(year=2001, month=10, Avgmontlytemperature=0.08317671327068535)
