Row(year=2013, month=6, Avgmontlytemperature=0.08853997473380255)
Row(year=2000, month=6, Avgmontlytemperature=0.08832186090671733)
