Row(year=2006, month=11, Avgmontlytemperature=71.7166666666667)
Row(year=2001, month=8, Avgmontlytemperature=69.96666666666667)
