Row(year=2006, month=5, Avgmontlytemperature=0.07038780542479267)
Row(year=1999, month=6, Avgmontlytemperature=0.07032890132960114)
