Row(year=2004, month=10, Avgmontlytemperature=78.18333333333332)
Row(year=2005, month=8, Avgmontlytemperature=76.96666666666668)
