Row(year=1995, month=5, Avgmontlytemperature=0.03576341127922974)
Row(year=2000, month=2, Avgmontlytemperature=0.03516938825249818)
