Row(year=2003, month=7, Avgmontlytemperature=0.15532740132329453)
Row(year=2001, month=9, Avgmontlytemperature=0.15447986967651842)
