Row(year=2009, month=12, Avgmontlytemperature=53.45000000000004)
Row(year=1998, month=10, Avgmontlytemperature=53.41666666666671)
