Row(year=1999, month=4, Avgmontlytemperature=0.07886746987951808)
Row(year=2003, month=8, Avgmontlytemperature=0.07884478250534824)
