Row(year=2008, month=4, Avgmontlytemperature=0.029004535688708522)
Row(year=2004, month=4, Avgmontlytemperature=0.028874883286648)
