Row(year=2016, month=3, Avgmontlytemperature=19.962500000000002)
Row(year=2011, month=3, Avgmontlytemperature=19.83333333333334)
