Row(year=1996, month=6, Avgmontlytemperature=0.07526098567613503)
Row(year=2013, month=10, Avgmontlytemperature=0.07524441340782123)
