Row(year=1998, month=3, Avgmontlytemperature=33.90000000000003)
Row(year=2005, month=2, Avgmontlytemperature=33.500000000000036)
