Row(year=2006, month=9, Avgmontlytemperature=19.266666666666666)
Row(year=2000, month=1, Avgmontlytemperature=18.616666666666674)
