Row(year=2004, month=2, Avgmontlytemperature=0.04030950626381726)
Row(year=2006, month=12, Avgmontlytemperature=0.040080880700966076)
