Row(year=2004, month=6, Avgmontlytemperature=56.850000000000016)
Row(year=2009, month=10, Avgmontlytemperature=56.83333333333338)
