Row(year=2006, month=4, Avgmontlytemperature=44.366666666666696)
Row(year=1998, month=1, Avgmontlytemperature=44.3166666666667)
