Row(year=2007, month=2, Avgmontlytemperature=0.04934095996020892)
Row(year=1995, month=2, Avgmontlytemperature=0.048623853211009184)
