Row(year=2006, month=2, Avgmontlytemperature=34.75000000000005)
Row(year=2009, month=3, Avgmontlytemperature=34.48333333333334)
