Row(year=2012, month=2, Avgmontlytemperature=0.04200244200244201)
Row(year=2009, month=9, Avgmontlytemperature=0.04189787829330847)
