Row(year=2015, month=4, Avgmontlytemperature=15.337499999999999)
Row(year=2011, month=4, Avgmontlytemperature=14.916666666666666)
