Row(year=2015, month=2, Avgmontlytemperature=0.03892591140729125)
Row(year=2007, month=10, Avgmontlytemperature=0.03887096774193549)
