Row(year=1995, month=6, Avgmontlytemperature=0.1365168539325841)
Row(year=1994, month=9, Avgmontlytemperature=0.13611510791366893)
