Row(year=1994, month=6, Avgmontlytemperature=45.10000000000002)
Row(year=2008, month=1, Avgmontlytemperature=44.9666666666667)
