Row(year=2002, month=10, Avgmontlytemperature=0.08236895847515319)
Row(year=1994, month=8, Avgmontlytemperature=0.08155339805825246)
