Row(year=2002, month=4, Avgmontlytemperature=29.916666666666668)
Row(year=2006, month=12, Avgmontlytemperature=29.733333333333334)
