Row(year=1999, month=8, Avgmontlytemperature=0.07484634646027774)
Row(year=2003, month=4, Avgmontlytemperature=0.07482415716711133)
