Row(year=2013, month=4, Avgmontlytemperature=0.05547907987683393)
Row(year=2007, month=5, Avgmontlytemperature=0.05460467205750226)
