Row(year=1996, month=8, Avgmontlytemperature=0.052664649755643486)
Row(year=1998, month=5, Avgmontlytemperature=0.052128623188405825)
