Row(year=1996, month=3, Avgmontlytemperature=0.013948100092678403)
Row(year=2003, month=2, Avgmontlytemperature=0.01366475143642268)
