Row(year=2013, month=2, Avgmontlytemperature=25.525000000000013)
Row(year=2000, month=5, Avgmontlytemperature=25.316666666666677)
