Row(year=1998, month=7, Avgmontlytemperature=0.11477987421383647)
Row(year=1993, month=8, Avgmontlytemperature=0.11414427157001421)
