Row(year=1999, month=9, Avgmontlytemperature=0.07802764113375499)
Row(year=2003, month=11, Avgmontlytemperature=0.07754569190600523)
