Row(year=2001, month=7, Avgmontlytemperature=0.05454750620627399)
Row(year=1995, month=11, Avgmontlytemperature=0.054140491147915484)
Row(year=1997, month=2, Avgmontlytemperature=0.05394569906115203)
