Row(year=2010, month=9, Avgmontlytemperature=0.06052446733786)
Row(year=2011, month=12, Avgmontlytemperature=0.06046400382683575)
