Row(year=2010, month=8, Avgmontlytemperature=108.05000000000001)
Row(year=2005, month=7, Avgmontlytemperature=104.34999999999998)
