Row(year=2003, month=6, Avgmontlytemperature=66.66666666666667)
Row(year=1999, month=12, Avgmontlytemperature=66.00000000000004)
