Row(year=2008, month=5, Avgmontlytemperature=23.133333333333336)
Row(year=1994, month=4, Avgmontlytemperature=23.100000000000005)
