Row(year=2015, month=9, Avgmontlytemperature=101.29999999999997)
Row(year=2002, month=6, Avgmontlytemperature=98.7833333333333)
