Row(year=2010, month=3, Avgmontlytemperature=0.03225298221922126)
Row(year=2011, month=3, Avgmontlytemperature=0.03204955561540534)
