Row(year=2005, month=7, Avgmontlytemperature=0.14031824294038542)
Row(year=2002, month=6, Avgmontlytemperature=0.13926221804511277)
