Row(year=2004, month=8, Avgmontlytemperature=0.10195857721746963)
Row(year=1996, month=11, Avgmontlytemperature=0.10184623166413755)
