Row(year=2003, month=10, Avgmontlytemperature=0.07281682641107563)
Row(year=2003, month=12, Avgmontlytemperature=0.0722504621072089)
