Row(year=2007, month=6, Avgmontlytemperature=108.94999999999999)
Row(year=2000, month=11, Avgmontlytemperature=108.1166666666666)
