Row(year=2016, month=2, Avgmontlytemperature=0.03391663389697208)
Row(year=2004, month=12, Avgmontlytemperature=0.033113336367774235)
