Row(year=1996, month=5, Avgmontlytemperature=63.23333333333335)
Row(year=2012, month=4, Avgmontlytemperature=62.78333333333335)
