Row(year=2007, month=12, Avgmontlytemperature=0.07355445988346036)
Row(year=2009, month=5, Avgmontlytemperature=0.0730008984725966)
