Row(year=2005, month=1, Avgmontlytemperature=0.026524614254224834)
Row(year=1999, month=11, Avgmontlytemperature=0.025918988527276986)
