Row(year=2001, month=6, Avgmontlytemperature=0.03742717315311118)
Row(year=1995, month=1, Avgmontlytemperature=0.03714285714285716)
