Row(year=2007, month=10, Avgmontlytemperature=28.116666666666674)
Row(year=2006, month=3, Avgmontlytemperature=27.866666666666664)
