Row(year=2003, month=7, Avgmontlytemperature=113.46666666666665)
Row(year=2009, month=7, Avgmontlytemperature=113.16666666666664)
