Row(year=2010, month=6, Avgmontlytemperature=0.06824877250409166)
Row(year=2014, month=2, Avgmontlytemperature=0.06739256118712665)
