Row(year=1999, month=4, Avgmontlytemperature=54.550000000000004)
Row(year=2003, month=11, Avgmontlytemperature=54.45000000000002)
Row(year=2009, month=5, Avgmontlytemperature=54.166666666666686)
