Row(year=1998, month=12, Avgmontlytemperature=59.383333333333354)
Row(year=2015, month=1, Avgmontlytemperature=59.11250000000003)
