Row(year=2001, month=1, Avgmontlytemperature=36.41666666666668)
Row(year=2000, month=4, Avgmontlytemperature=36.16666666666668)
