Row(year=2013, month=9, Avgmontlytemperature=0.03793915248098516)
Row(year=2005, month=3, Avgmontlytemperature=0.0378698224852071)
