Row(year=2012, month=9, Avgmontlytemperature=72.74999999999999)
Row(year=2014, month=10, Avgmontlytemperature=72.13749999999999)
