Row(year=2004, month=7, Avgmontlytemperature=0.12917694550347605)
Row(year=2011, month=7, Avgmontlytemperature=0.1289336653837446)
