Row(year=2004, month=5, Avgmontlytemperature=39.70000000000001)
Row(year=1996, month=12, Avgmontlytemperature=39.55000000000003)
