Row(year=2015, month=7, Avgmontlytemperature=0.1687267575703913)
Row(year=2006, month=10, Avgmontlytemperature=0.16040723981900448)
