Row(year=2007, month=11, Avgmontlytemperature=50.68333333333337)
Row(year=1999, month=6, Avgmontlytemperature=50.25000000000002)
