Row(year=2002, month=2, Avgmontlytemperature=0.07521074815595367)
Row(year=2002, month=1, Avgmontlytemperature=0.07513661202185792)
