Row(year=2015, month=3, Avgmontlytemperature=0.05980701754385966)
Row(year=1998, month=1, Avgmontlytemperature=0.0598065677013046)
