Row(year=2016, month=6, Avgmontlytemperature=47.662499999999994)
Row(year=2002, month=2, Avgmontlytemperature=47.583333333333364)
