Row(year=2007, month=2, Avgmontlytemperature=33.06666666666668)
Row(year=2005, month=11, Avgmontlytemperature=32.600000000000016)
