Row(year=1999, month=7, Avgmontlytemperature=29.08333333333334)
Row(year=2006, month=7, Avgmontlytemperature=28.98333333333333)
