Row(year=2002, month=4, Avgmontlytemperature=0.045512170385395546)
Row(year=1994, month=10, Avgmontlytemperature=0.04486486486486488)
