Row(year=1999, month=2, Avgmontlytemperature=25.149999999999995)
Row(year=1994, month=5, Avgmontlytemperature=25.100000000000005)
