Row(year=2003, month=3, Avgmontlytemperature=6.8999999999999995)
Row(year=1997, month=1, Avgmontlytemperature=5.783333333333332)
