Row(year=2013, month=4, Avgmontlytemperature=38.287500000000016)
Row(year=2005, month=10, Avgmontlytemperature=38.05000000000001)
