Row(year=1997, month=5, Avgmontlytemperature=0.08432732316227462)
Row(year=2015, month=1, Avgmontlytemperature=0.08375841303577759)
