Row(year=2011, month=2, Avgmontlytemperature=0.04075921307841509)
Row(year=1998, month=11, Avgmontlytemperature=0.040635959784895974)
Row(year=1994, month=1, Avgmontlytemperature=0.04062499999999999)
