Row(year=2009, month=1, Avgmontlytemperature=15.883333333333331)
Row(year=1996, month=2, Avgmontlytemperature=15.733333333333333)
