Row(year=2003, month=12, Avgmontlytemperature=52.11666666666668)
Row(year=1996, month=6, Avgmontlytemperature=51.66666666666669)
