Row(year=2011, month=5, Avgmontlytemperature=0.051183231913455036)
Row(year=2014, month=3, Avgmontlytemperature=0.051136363636363646)
