Row(year=2016, month=4, Avgmontlytemperature=0.03951524054351819)
Row(year=2000, month=9, Avgmontlytemperature=0.03919753086419755)
