Row(year=1997, month=3, Avgmontlytemperature=0.01352371961293368)
Row(year=2012, month=3, Avgmontlytemperature=0.011825726141078838)
