Row(year=2001, month=6, Avgmontlytemperature=26.766666666666666)
Row(year=2004, month=1, Avgmontlytemperature=26.400000000000016)
