Row(year=1997, month=8, Avgmontlytemperature=0.035166666666666666)
Row(year=1994, month=5, Avgmontlytemperature=0.03495821727019499)
Row(year=2000, month=5, Avgmontlytemperature=0.03467244921250858)
