Row(year=2005, month=12, Avgmontlytemperature=0.0764970733903648)
Row(year=2004, month=11, Avgmontlytemperature=0.07631578947368424)
