Row(year=1998, month=11, Avgmontlytemperature=28.96666666666668)
Row(year=2015, month=12, Avgmontlytemperature=28.925)
Row(year=2012, month=2, Avgmontlytemperature=28.66666666666667)
