Row(year=1994, month=1, Avgmontlytemperature=22.099999999999994)
Row(year=2000, month=3, Avgmontlytemperature=21.683333333333337)
