Row(year=2006, month=11, Avgmontlytemperature=0.09969879518072292)
Row(year=2002, month=5, Avgmontlytemperature=0.0977416440831075)
