Row(year=1993, month=12, Avgmontlytemperature=37.10000000000003)
Row(year=2001, month=2, Avgmontlytemperature=36.766666666666694)
