Row(year=2001, month=11, Avgmontlytemperature=26.38333333333334)
Row(year=2013, month=9, Avgmontlytemperature=26.187500000000007)
