Row(year=2014, month=8, Avgmontlytemperature=0.1299874753981034)
Row(year=2007, month=7, Avgmontlytemperature=0.1295971190636957)
