Row(year=2014, month=12, Avgmontlytemperature=0.05039971575768344)
Row(year=2005, month=2, Avgmontlytemperature=0.04997513674788668)
