Row(year=1998, month=6, Avgmontlytemperature=88.88333333333331)
Row(year=2011, month=6, Avgmontlytemperature=88.35000000000001)
Row(year=1997, month=6, Avgmontlytemperature=86.98333333333335)
