Row(year=1999, month=5, Avgmontlytemperature=27.38333333333334)
Row(year=2004, month=2, Avgmontlytemperature=27.350000000000012)
