Row(year=2014, month=6, Avgmontlytemperature=0.10947004188672375)
Row(year=2004, month=10, Avgmontlytemperature=0.10622735507246377)
