Row(year=2009, month=7, Avgmontlytemperature=0.15289349245665385)
Row(year=2000, month=11, Avgmontlytemperature=0.15093066542577935)
