Row(year=1999, month=3, Avgmontlytemperature=0.0623677085897121)
Row(year=1998, month=4, Avgmontlytemperature=0.06202001396323019)
