Row(year=1996, month=7, Avgmontlytemperature=0.11752913752913748)
Row(year=1998, month=8, Avgmontlytemperature=0.11687316963280012)
