Row(year=2002, month=10, Avgmontlytemperature=60.50000000000002)
Row(year=2001, month=10, Avgmontlytemperature=60.483333333333356)
