Row(year=2010, month=10, Avgmontlytemperature=52.53333333333336)
Row(year=2014, month=11, Avgmontlytemperature=52.425000000000054)
