Row(year=2010, month=10, Avgmontlytemperature=0.07158755394049515)
Row(year=2007, month=11, Avgmontlytemperature=0.07058960074280415)
