Row(year=1999, month=10, Avgmontlytemperature=0.025180995475113117)
Row(year=2000, month=1, Avgmontlytemperature=0.025123706702654076)
Row(year=1996, month=2, Avgmontlytemperature=0.024506749740394598)
