Row(year=2000, month=6, Avgmontlytemperature=62.01666666666668)
Row(year=1999, month=1, Avgmontlytemperature=61.93333333333339)
