Row(year=1997, month=9, Avgmontlytemperature=0.0609040074557316)
Row(year=2008, month=1, Avgmontlytemperature=0.06058836739276896)
