Row(year=1996, month=10, Avgmontlytemperature=0.03171650576877796)
Row(year=2012, month=5, Avgmontlytemperature=0.031375227686703096)
