Row(year=1993, month=8, Avgmontlytemperature=80.70000000000005)
Row(year=2002, month=7, Avgmontlytemperature=80.51666666666667)
