Row(year=2000, month=2, Avgmontlytemperature=24.050000000000008)
Row(year=2010, month=3, Avgmontlytemperature=23.88333333333334)
