Row(year=2008, month=10, Avgmontlytemperature=0.08107985480943741)
Row(year=1996, month=9, Avgmontlytemperature=0.08095797135477811)
