Row(year=2013, month=1, Avgmontlytemperature=0.0299374130737135)
Row(year=2006, month=1, Avgmontlytemperature=0.02976157082748948)
