Row(year=2008, month=3, Avgmontlytemperature=0.05687331536388143)
Row(year=1996, month=12, Avgmontlytemperature=0.05648655082123309)
