Row(year=2012, month=6, Avgmontlytemperature=0.185978898007034)
Row(year=2000, month=7, Avgmontlytemperature=0.18489453390791555)
