Row(year=2003, month=5, Avgmontlytemperature=68.45)
Row(year=2005, month=6, Avgmontlytemperature=67.96666666666665)
Row(year=2010, month=5, Avgmontlytemperature=67.16666666666669)
