Row(year=1995, month=6, Avgmontlytemperature=97.19999999999987)
Row(year=2004, month=7, Avgmontlytemperature=95.99999999999996)
