Row(year=2013, month=1, Avgmontlytemperature=21.525000000000006)
Row(year=2007, month=4, Avgmontlytemperature=21.249999999999996)
