Row(year=2011, month=1, Avgmontlytemperature=0.047520288548241675)
Row(year=1995, month=3, Avgmontlytemperature=0.046675712347354154)
