Row(year=2010, month=2, Avgmontlytemperature=0.07920420420420428)
Row(year=1997, month=10, Avgmontlytemperature=0.07897238569488459)
