Row(year=1996, month=1, Avgmontlytemperature=0.015458817709621559)
Row(year=2003, month=9, Avgmontlytemperature=0.013993174061433446)
