Row(year=2000, month=12, Avgmontlytemperature=0.08774849745723531)
Row(year=1995, month=4, Avgmontlytemperature=0.08751773049645391)
